3
6
3
6
3
6
5
3
6
3
1
5
1
6
3
0
6
6
1
6
4
3
3
0
6
1
1
6
5
6
6
6
6
6
3
6
3
6
6
0
5
6
3
1
6
1
6
6
6
3
6
6
6
6
3
6
6
6
3
5
6
6
3
6
6
3
3
3
3
6
3
6
6
5
6
3
5
6
5
3
6
6
6
6
6
3
6
3
6
3
6
6
1
3
6
5
3
6
6
6
6
1
6
5
6
5
3
1
6
6
5
3
0
6
5
5
3
6
6
3
5
3
5
6
3
5
3
1
3
1
6
6
3
6
3
3
6
6
6
6
6
1
6
6
1
6
6
6
6
6
6
6
3
5
6
3
6
6
3
6
6
6
6
5
6
5
5
6
6
6
6
6
6
6
6
3
6
6
6
6
3
6
3
1
6
6
6
5
6
3
3
3
6
6
3
5
3
6
6
5
1
6
6
6
3
6
1
3
3
6
3
6
1
6
3
3
6
6
6
6
6
6
6
6
5
6
0
5
6
4
6
6
6
5
6
6
5
1
6
3
6
3
6
3
4
6
3
6
6
3
3
6
6
5
5
6
6
6
6
5
6
3
6
6
5
3
6
6
3
6
6
6
6
6
6
1
6
6
0
6
3
0
6
5
6
3
4
3
1
3
6
6
3
3
3
6
6
6
1
6
