6
6
5
5
6
6
6
1
5
6
3
3
5
5
5
5
3
3
6
6
5
5
6
5
5
1
6
2
6
6
1
5
6
6
5
3
3
5
5
5
5
5
3
5
5
3
3
0
5
5
5
6
6
3
6
5
6
5
6
6
1
6
3
6
6
6
6
6
6
5
3
3
3
0
6
6
6
5
6
5
6
6
6
3
1
6
5
0
6
6
5
5
6
6
6
1
5
5
1
5
5
5
5
5
5
6
3
3
6
1
5
5
5
1
1
5
3
5
6
3
6
5
5
6
6
0
5
1
5
3
3
3
5
6
6
5
5
6
1
1
5
6
6
3
5
3
5
6
3
6
5
5
6
0
6
5
5
5
5
6
6
6
3
6
5
1
5
6
5
5
5
5
1
6
6
6
6
1
6
1
5
6
6
5
6
6
6
3
6
6
3
5
6
3
3
5
5
6
5
5
5
6
6
3
6
1
3
6
5
6
5
6
3
5
6
6
6
6
5
6
5
6
6
5
5
5
6
5
5
6
5
5
1
3
5
0
6
3
6
4
6
6
1
6
5
3
5
6
6
3
5
5
5
6
3
4
5
4
5
5
3
5
3
0
1
6
3
6
5
5
6
3
5
5
5
6
5
5
3
3
6
6
3
5
4
3
5
1
5
6
1
6
1
3
5
6
6
6
5
6
